53
842
1379
214
1122
647
1741
1884
279
1572
1576
1512
1209
1116
1259
410
27
839
241
1784
1216
334
156
1892
1130
875
1944
591
626
1693
793
1930
808
1683
1198
519
840
287
383
677
299
1263
1948
564
659
118
675
898
1142
77
183
1179
1388
657
1296
1877
1195
1118
877
477
1904
401
205
924
944
1486
938
1607
479
1558
1198
747
1180
1837
379
1814
700
484
911
1444
1614
601
392
179
1300
1023
267
374
504
339
1528
1555
218
358
1812
1662
1852
133
1677
707
1708
1531
884
1600
1256
386
36
1165
1825
1247
1065
695
1982
918
1775
1783
92
101
848
1631
1317
1733
584
542
1692
865
990
900
1790
351
798
1568
982
959
465
347
320
85
1301
1904
1665
1743
1484
1412
861
133
1900
1028
1432
1771
527
1302
623
890
1364
621
1396
1623
811
866
430
343
823
614
1146
458
174
424
289
1940
732
1992
726
926
781
316
1741
825
75
1391
1373
1562
1634
1411
1067
1798
1024
973
1330
293
1307
1357
1909
907
741
1605
1550
1203
853
814
389
1044
514
1840
621
1184
1348
432
291
424
928
1704
715
1592
995
1829
370
1341
267
811
908
565
1237
338
372
1073
1838
796
662
117
1842
1767
820
1324
413
596
813
650
1382
1934
150
1086
485
1559
1869
8
64
240
1257
304
1540
1913
1949
721
360
1032
30
221
28
592
1175
1557
1373
1021
935
797
235
928
1848
19
1392
1495
1232
73
754
1214
216
925
1571
615
1877
873
1745
1657
159
700
196
1521
1700
712
681
1708
1621
1506
1462
521
1912
1320
779
304
1090
1864
1226
128
522
630
802
6
1966
868
666
182
728
639
1441
550
1120
1658
1297
835
1858
1017
1957
1827
482
262
1300
1644
1926
844
1292
781
960
445
1585
1534
1376
1357
338
1254
525
1705
556
895
84
1098
552
267
776
41
1016
1557
190
1339
631
760
802
1627
1149
914
1828
161
1425
1284
1670
30
38
947
1319
92
1788
1673
1353
94
655
1405
1914
657
569
180
417
141
1770
911
1636
1743
429
100
1295
598
731
229
1312
164
1686
389
461
1704
1543
480
344
287
881
1277
1323
1418
1218
1534
307
128
1257
390
168
1165
1812
360
942
784
851
1384
1962
1553
123
1577
1596
1590
398
1608
1339
686
1464
972
1711
1879
1726
1789
588
224
490
1241
401
738
1859
1265
976
800
497
1702
1706
631
509
750
198
945
1149
255
589
1279
1151
1172
1311
145
1088
331
1247
676
390
1552
939
1166
349
96
1798
628
803
1470
1092
1272
47
1668
1930
696
949
96
1403
487
1273
598
570
922
759
313
1121
1511
1642
381
1141
226
984
931
665
441
441
1249
495
1853
1903
501
1061
1919
1823
1013
70
1760
988
734
96
846
1989
191
359
316
1717
49
488
1292
812
207
248
199
238
229
1917
1731
833
1903
1304
1886
1070
1717
1210
248
1091
115
1578
600
1539
1556
1525
1829
1718
594
1992
1110
1150
466
1840
386
1760
5
884
1262
583
87
568
641
1148
280
779
1621
1512
1877
1628
1503
288
1070
1958
1117
947
1684
1780
1072
1197
562
1895
1067
275
501
551
1898
640
1421
126
456
1729
400
575
1637
209
1098
635
1872
1441
1167
658
729
791
287
311
1962
810
1633
399
1234
1372
1767
556
805
352
224
1678
1455
618
400
1612
1073
750
1719
839
1490
183
1536
1679
377
278
1738
1881
1336
1184
1584
1386
662
318
970
1488
1680
1792
1014
702
1056
1140
1626
1199
16
390
533
1839
1034
658
1162
569
1211
1225
1708
225
1300
1359
741
1604
163
26
1786
126
250
1079
467
1322
677
1501
969
1970
416
1850
1898
1745
1191
1194
901
959
1765
1488
824
1140
491
618
1634
1025
1233
1137
1851
843
1044
1119
817
719
389
449
766
468
78
431
1372
82
1598
606
1212
840
1054
337
420
83
1572
1876
681
457
645
413
708
691
1695
892
1312
1812
871
1275
297
148
1000
1362
1530
384
516
1293
763
518
180
395
1013
1635
457
1204
688
1076
1522
1138
1
1815
44
1579
1671
1615
138
931
462
909
159
582
638
236
388
662
1109
540
1088
1970
703
692
1862
1520
792
146
1844
1778
1332
858
1817
1851
1251
1259
61
640
1080
399
1448
1297
767
204
111
1176
641
198
1873
1931
691
26
1551
413
489
622
216
564
1375
990
567
1663
1851
202
673
935
506
1450
1508
818
282
775
1945
972
1360
1419
181
503
1591
1688
911
820
965
1661
1007
27
381
110
936
1835
707
1622
699
1591
1961
1031
1696
1230
359
21
1574
1678
878
1028
1887
1581
1066
422
140
1090
1849
351
723
879
1276
607
1092
1572
1321
407
593
1328
130
1067
1351
1451
446
220
1756
1578
1323
441
1267
1267
704
1924
469
1601
943
211
640
814
1954
1867
427
1887
1287
1481
1670
1545
1151
396
1886
1176
1172
1163
1481
797
497
1894
1369
1403
1747
1376
1351
762
291
1128
1331
1062
1309
395
278
1664
215
502
1657
682
1132
1965
1017
1084
1335
1260
1392
609
827
294
1215
1874
1564
224
1573
1790
219
550
787
1607
1842
134
553
755
1278
1188
1161
1016
805
160
1694
491
80
915
514
1353
183
1658
1820
1404
1337
1623
1657
1127
1695
731
1300
1066
476
1108
1674
1158
702
1684
1160
1935
793
1893
968
1392
363
1927
1095
761
1689
978
1835
1435
568
1396
764
1846
481
1835
1205
1226
390
78
1260
878
811
474
685
825
1326
1696
127
528
1161
1883
1520
737
1081
121
1815
1488
1466
1697
637
728
146
1607
1952
1176
349
370
367
1579
1937
378
312
779
1985
1714
1007
718
1755
1682
1874
1832
82
97
1840
1179
309
844
1838
46
1023
1128
751
1837
80
1417
1000
555
636
1157
1072
1352
1266
1982
346
1300
1628
1401
784
782
578
1678
274
1730
1186
1016
1716
299
643
1026
302
521
740
1946
866
1963
260
1127
1662
510
415
854
486
985
291
788
1655
1536
1155
1968
53
448
414
1665
1153
386
63
1159
1771
901
524
1978
1126
1536
918
63
1726
798
1022
1878
586
894
427
1583
1327
211
756
31
817
1223
1171
578
184
771
1872
1492
1291
455
800
60
25
1276
1335
1438
1139
586
1440
1731
1813
920
1368
1833
560
1342
1861
167
681
571
1579
589
1066
1320
1376
480
1820
1071
29
1302
1925
1789
1010
1763
954
1972
995
122
703
864
1929
1160
1540
680
1690
846
270
224
1641
1865
1312
436
703
1779
1175
1088
979
871
1316
80
1397
453
751
640
1370
801
1066
1059
53
771
843
594
404
627
1942
1602
990
1638
548
98
203
608
1481
520
1435
653
831
1670
1601
1261
1681
1584
1394
946
425
1363
1649
689
953
1901
287
1701
876
859
443
1087
1858
265
596
1467
1124
1671
1783
1737
1257
1900
1297
1803
507
172
688
327
13
560
318
1345
1566
627
1246
905
1865
1419
1799
851
532
1931
834
1285
1630
709
390
308
1882
247
1200
1240
1335
535
1369
1653
1849
243
1415
1285
1440
1825
1814
1201
258
115
219
378
769
860
609
333
584
105
1743
1366
1286
1314
1524
1522
606
689
1135
1486
346
278
135
1262
542
1152
1097
1739
1563
1178
1844
1978
50
1730
821
1475
1916
1066
752
1479
1978
1024
1361
989
1231
204
1640
1033
1237
869
1922
1460
675
400
1830
1625
1695
1374
96
52
1391
1037
163
477
462
1302
1533
487
903
241
873
391
1454
1510
1071
1935
1437
1132
595
997
621
1625
1821
1507
775
1605
1284
1465
1713
664
1228
203
781
589
284
757
1981
792
1595
617
1241
217
1324
1991
1678
1899
1102
1220
1135
1875
678
1983
1765
1216
1812
557
1979
546
1268
1537
679
643
1675
1150
380
425
1952
561
1569
995
42
1461
1417
1224
1758
568
1866
863
688
709
997
1128
1331
1640
1586
277
868
1871
1819
845
342
1426
1225
1870
1389
688
64
1691
112
240
661
749
1236
1001
457
1154
1225
826
913
749
729
1221
1834
1895
373
1875
1163
1273
1746
1272
1835
610
1198
845
1914
1431
3
1816
1874
1723
385
175
1670
638
898
88
1996
1334
771
1436
1017
1399
941
1147
1780
1381
1716
525
490
459
1268
1884
1894
450
1505
1434
1113
1015
237
1594
1459
193
1031
702
986
1197
644
1426
837
789
528
1083
1810
491
1526
1555
1983
1387
1589
1531
1730
325
1100
1368
1001
1996
1258
1059
1373
1491
1809
504
14
1753
1428
537
478
1616
1015
1065
15
1009
1313
1013
981
361
1320
1809
796
1199
1257
1615
961
564
1042
1654
616
920
622
611
305
1995
1841
314
721
1175
1034
1698
1498
947
1014
379
369
1223
725
86
1406
1335
457
1672
464
986
243
1447
433
1514
806
1185
467
446
277
1303
1955
1503
1766
438
1686
993
866
929
1384
1809
134
560
596
159
1738
321
772
1561
1524
1923
313
1685
48
1325
1321
125
303
1647
866
1372
265
474
685
916
742
798
1380
1648
1465
1625
458
593
897
1599
1823
314
1797
948
1708
1339
1223
1467
444
1402
373
1347
970
405
422
1208
1522
590
1335
1880
1546
1638
1551
1184
577
132
1369
254
1529
165
1883
1775
671
727
416
952
409
1947
523
945
1917
297
1836
83
656
380
316
254
854
98
788
500
1157
657
1018
1117
797
1124
84
1282
1899
1074
1263
1640
814
236
1271
129
1761
976
1326
846
1444
1981
1196
1753
1829
1547
1187
1625
1810
521
824
1832
1082
124
909
208
1242
639
1554
600
1859
1254
838
506
1049
1256
798
628
974
159
1619
121
576
1409
1075
1894
874
830
563
1353
178
1127
1388
1690
1706
1435
1347
1022
236
168
131
1439
1695
233
563
1432
1859
40
1285
1003
1704
1698
1135
1290
1396
1269
174
1543
354
1036
1089
1894
1401
347
1514
506
612
1807
715
437
1165
1322
1046
805
1191
1835
1590
709
475
1450
474
763
680
1097
1510
54
704
877
1997
1902
770
1806
1804
1870
1890
790
1172
127
1459
1364
67
1508
917
972
1383
393
1624
1385
1794
1847
444
221
1651
1419
834
492
944
1409
709
1572
72
1517
806
1077
1928
302
843
762
1613
1113
1359
711
36
1825
820
893
1542
17
274
1415
1807
61
1691
734
242
31
927
481
1353
258
219
602
1670
1951
86
1031
1140
1345
554
282
215
539
752
1019
240
378
83
1907
1220
1532
1423
1872
1556
1257
1086
1277
914
1261
1674
452
37
517
330
1523
27
1956
425
550
371
1528
1233
1601
1830
291
1784
603
1194
915
1735
526
1872
1257
1854
817
1292
1520
1504
818
1164
1920
372
1414
1826
731
613
1088
1062
150
1577
177
1076
1489
315
221
625
1866
1187
2000
714
1805
1064
93
1689
900
859
1634
1123
1099
1395
271
1419
16
28
1331
1750
183
1806
641
603
187
1492
1566
1024
208
277
410
436
